2 0.519737 0.081105 0.144737 0.023173
2 0.530702 0.159537 0.122807 0.023173
1 0.521930 0.250446 0.127193 0.026738
1 0.498904 0.351159 0.138158 0.032086
2 0.485746 0.449198 0.177632 0.042781
2 0.445175 0.542781 0.179825 0.051693
2 0.436404 0.632799 0.166667 0.046346
1 0.436404 0.740642 0.144737 0.069519
6 0.557018 0.451872 0.035088 0.040998
8 0.528509 0.549020 0.043860 0.046346
8 0.498904 0.639929 0.046053 0.042781
6 0.492325 0.727273 0.032895 0.039216
5 0.520833 0.549020 0.041667 0.046346
5 0.498904 0.639929 0.041667 0.042781
