0 0.575658 0.075758 0.116228 0.026738
1 0.571272 0.156863 0.120614 0.035651
1 0.554825 0.250446 0.127193 0.037433
2 0.535088 0.344920 0.166667 0.048128
2 0.505482 0.444742 0.160088 0.040998
2 0.487939 0.549020 0.160088 0.042781
2 0.492325 0.653298 0.177632 0.051693
2 0.515351 0.747772 0.135965 0.073084
7 0.596491 0.352050 0.043860 0.037433
7 0.598684 0.354724 0.039474 0.035651
6 0.569079 0.448307 0.037281 0.044563
7 0.549342 0.549911 0.046053 0.051693
8 0.550439 0.650624 0.065789 0.060606
6 0.565789 0.728164 0.048246 0.040998
