1 0.540570 0.035651 0.133772 0.028520
1 0.539474 0.115865 0.144737 0.032086
1 0.532895 0.200535 0.144737 0.037433
1 0.518640 0.297683 0.155702 0.039216
3 0.494518 0.394831 0.168860 0.044563
3 0.481360 0.495544 0.164474 0.049911
3 0.470395 0.590018 0.173246 0.042781
3 0.485746 0.689840 0.168860 0.049911
3 0.512061 0.790553 0.160088 0.087344
6 0.567982 0.398396 0.035088 0.044563
8 0.543860 0.489305 0.039474 0.058824
8 0.541667 0.586453 0.035088 0.046346
6 0.550439 0.680036 0.039474 0.040998
6 0.567982 0.763815 0.043860 0.040998
