0 0.563596 0.027629 0.109649 0.030303
0 0.561404 0.096257 0.109649 0.028520
0 0.547149 0.172906 0.111842 0.032086
1 0.532895 0.256684 0.114035 0.028520
1 0.521930 0.346702 0.122807 0.037433
1 0.500000 0.441176 0.131579 0.040998
2 0.492325 0.538324 0.146930 0.039216
2 0.498904 0.635472 0.151316 0.058824
2 0.532895 0.732620 0.144737 0.081996
6 0.548246 0.534759 0.035088 0.042781
7 0.555921 0.624777 0.046053 0.040998
6 0.583333 0.707665 0.043860 0.039216
5 0.557018 0.624777 0.048246 0.044563
5 0.584430 0.706774 0.046053 0.040998
