2 0.627193 0.049020 0.122807 0.040998
2 0.605263 0.120321 0.127193 0.030303
2 0.600877 0.193405 0.135965 0.030303
2 0.595395 0.274510 0.151316 0.035651
2 0.561404 0.358289 0.135965 0.039216
1 0.527412 0.442068 0.133772 0.046346
2 0.496711 0.539216 0.155702 0.044563
1 0.487939 0.639929 0.138158 0.039216
3 0.490132 0.740642 0.142544 0.055258
1 0.509868 0.844029 0.120614 0.090909
7 0.655702 0.284314 0.035088 0.033868
6 0.559211 0.546346 0.039474 0.040998
6 0.541667 0.637255 0.030702 0.040998
8 0.537281 0.730838 0.057018 0.053476
6 0.559211 0.818182 0.052632 0.042781
9 0.641447 0.042781 0.041667 0.028520
9 0.634868 0.062389 0.041667 0.024955
9 0.630482 0.109626 0.046053 0.026738
9 0.621711 0.184492 0.046053 0.026738
9 0.619518 0.267380 0.063596 0.028520
9 0.576754 0.348485 0.048246 0.033868
