2 0.537281 0.018717 0.105263 0.030303
2 0.524123 0.093583 0.114035 0.026738
2 0.519737 0.166667 0.118421 0.026738
2 0.508772 0.257576 0.114035 0.037433
2 0.498904 0.348485 0.133772 0.033868
2 0.494518 0.448307 0.146930 0.037433
3 0.494518 0.546346 0.160088 0.037433
2 0.498904 0.639929 0.182018 0.042781
2 0.507675 0.724599 0.146930 0.062389
7 0.563596 0.632799 0.061404 0.046346
6 0.559211 0.710339 0.052632 0.040998
9 0.512061 0.237077 0.041667 0.032086
9 0.512061 0.274510 0.041667 0.032086
9 0.471491 0.566845 0.078947 0.039216
