3 0.516447 0.009804 0.103070 0.016043
3 0.535088 0.070410 0.109649 0.026738
3 0.548246 0.136364 0.114035 0.023173
3 0.551535 0.207665 0.120614 0.023173
3 0.554825 0.290553 0.122807 0.032086
3 0.531798 0.368093 0.133772 0.044563
3 0.496711 0.451872 0.151316 0.044563
3 0.479167 0.546346 0.168860 0.048128
3 0.475877 0.630125 0.162281 0.048128
3 0.508772 0.727273 0.135965 0.081996
8 0.597588 0.122995 0.037281 0.053476
6 0.604167 0.210339 0.032895 0.035651
6 0.600877 0.287879 0.035088 0.033868
7 0.535088 0.546346 0.057018 0.051693
7 0.537281 0.626560 0.057018 0.044563
6 0.548246 0.703209 0.061404 0.048128
9 0.524123 0.438503 0.057018 0.035651
