2 0.561404 0.042781 0.100877 0.028520
2 0.561404 0.113191 0.109649 0.026738
1 0.561404 0.189840 0.114035 0.037433
1 0.550439 0.277184 0.127193 0.037433
3 0.527412 0.361854 0.138158 0.046346
3 0.494518 0.455437 0.151316 0.048128
3 0.469298 0.552585 0.153509 0.046346
3 0.479167 0.647059 0.160088 0.046346
3 0.498904 0.743316 0.151316 0.103387
6 0.588816 0.374332 0.032895 0.053476
6 0.561404 0.465241 0.039474 0.053476
6 0.531798 0.552585 0.037281 0.053476
7 0.539474 0.636364 0.057018 0.057041
7 0.561404 0.710339 0.057018 0.044563
