2 0.557018 0.016043 0.092105 0.024955
2 0.548246 0.086453 0.096491 0.026738
1 0.538377 0.159537 0.094298 0.023173
1 0.526316 0.237968 0.105263 0.026738
2 0.505482 0.327986 0.107456 0.032086
3 0.494518 0.415330 0.138158 0.032086
3 0.478070 0.502674 0.131579 0.035651
3 0.498904 0.586453 0.133772 0.046346
3 0.528509 0.680036 0.131579 0.083779
6 0.546053 0.418004 0.035088 0.033868
6 0.563596 0.240642 0.035088 0.032086
7 0.535088 0.501783 0.035088 0.033868
7 0.541667 0.582888 0.048246 0.042781
8 0.561404 0.656863 0.061404 0.040998
9 0.507675 0.401961 0.046053 0.023173
9 0.485746 0.485740 0.046053 0.026738
9 0.483553 0.518717 0.041667 0.028520
1 0.581140 0.733512 0.070175 0.065954
