1 0.529605 0.040107 0.116228 0.026738
0 0.525219 0.114973 0.125000 0.026738
1 0.528509 0.189840 0.118421 0.023173
1 0.527412 0.278966 0.120614 0.033868
2 0.520833 0.364528 0.151316 0.044563
0 0.498904 0.471480 0.138158 0.037433
1 0.485746 0.569519 0.142544 0.040998
1 0.472588 0.673797 0.146930 0.035651
0 0.480263 0.780749 0.127193 0.067736
8 0.572368 0.365419 0.057018 0.064171
6 0.531798 0.573084 0.041667 0.048128
6 0.530702 0.670232 0.039474 0.042781
9 0.505482 0.478610 0.037281 0.030303
9 0.494518 0.589127 0.046053 0.026738
