1 0.583333 0.059715 0.131579 0.023173
1 0.567982 0.150624 0.144737 0.026738
1 0.550439 0.240642 0.135965 0.035651
1 0.520833 0.337790 0.155702 0.040998
1 0.498904 0.439394 0.160088 0.040998
1 0.493421 0.550802 0.162281 0.042781
1 0.491228 0.655080 0.162281 0.048128
1 0.509868 0.765597 0.142544 0.080214
6 0.554825 0.648841 0.048246 0.046346
9 0.584430 0.139037 0.046053 0.032086
9 0.562500 0.253119 0.050439 0.028520
9 0.533991 0.352050 0.059211 0.037433
9 0.525219 0.426025 0.046053 0.032086
9 0.514254 0.458111 0.054825 0.032086
9 0.498904 0.563280 0.046053 0.028520
