1 0.588816 0.013369 0.120614 0.023173
2 0.575658 0.090018 0.120614 0.033868
2 0.561404 0.166667 0.118421 0.030303
3 0.531798 0.254011 0.129386 0.037433
3 0.496711 0.344920 0.155702 0.048128
3 0.466009 0.445633 0.160088 0.042781
3 0.458333 0.549911 0.157895 0.037433
3 0.487939 0.656863 0.151316 0.062389
3 0.541667 0.757576 0.140351 0.092692
6 0.610746 0.172906 0.032895 0.039216
6 0.586623 0.260250 0.028509 0.039216
8 0.552632 0.352050 0.043860 0.048128
7 0.528509 0.449198 0.039474 0.042781
6 0.523026 0.546346 0.037281 0.040998
6 0.589912 0.733512 0.052632 0.044563
