1 0.550439 0.036542 0.100877 0.026738
1 0.542763 0.106061 0.107456 0.023173
1 0.543860 0.180036 0.114035 0.028520
1 0.529605 0.264706 0.107456 0.033868
2 0.527412 0.354724 0.133772 0.039216
1 0.496711 0.442068 0.116228 0.032086
2 0.487939 0.540107 0.129386 0.039216
1 0.476974 0.643494 0.129386 0.046346
3 0.491228 0.750446 0.135965 0.089127
8 0.576754 0.351159 0.057018 0.060606
6 0.532895 0.542781 0.043860 0.051693
6 0.525219 0.636364 0.046053 0.053476
6 0.541667 0.723708 0.043860 0.042781
5 0.540570 0.722816 0.046053 0.051693
