1 0.588816 0.075758 0.142544 0.030303
1 0.594298 0.188057 0.162281 0.044563
1 0.596491 0.277184 0.153509 0.040998
1 0.565789 0.387701 0.166667 0.058824
1 0.530702 0.496435 0.153509 0.051693
3 0.504386 0.614082 0.162281 0.048128
2 0.528509 0.726381 0.157895 0.073084
6 0.651316 0.188057 0.043860 0.051693
6 0.651316 0.281640 0.039474 0.046346
8 0.582237 0.713012 0.067982 0.053476
5 0.567982 0.611408 0.043860 0.053476
9 0.609649 0.064171 0.039474 0.021390
9 0.621711 0.268271 0.050439 0.030303
9 0.595395 0.377005 0.041667 0.030303
9 0.587719 0.403743 0.039474 0.026738
