2 0.563596 0.010695 0.109649 0.017825
2 0.552632 0.079323 0.114035 0.026738
1 0.537281 0.154189 0.118421 0.023173
2 0.519737 0.243316 0.122807 0.030303
1 0.498904 0.334225 0.120614 0.030303
2 0.484649 0.428699 0.135965 0.033868
3 0.480263 0.526738 0.149123 0.026738
4 0.496711 0.613191 0.160088 0.039216
3 0.512061 0.721034 0.133772 0.076649
6 0.542763 0.433155 0.037281 0.049911
6 0.543860 0.526738 0.039474 0.048128
7 0.557018 0.607843 0.057018 0.046346
6 0.573465 0.695187 0.041667 0.039216
9 0.515351 0.254011 0.026316 0.026738
9 0.492325 0.511586 0.041667 0.028520
