3 0.527412 0.049020 0.133772 0.023173
3 0.541667 0.123886 0.122807 0.026738
3 0.538377 0.204100 0.120614 0.026738
3 0.542763 0.287879 0.133772 0.033868
3 0.541667 0.377897 0.157895 0.039216
3 0.520833 0.472371 0.186404 0.035651
2 0.512061 0.562389 0.190789 0.040998
4 0.505482 0.646168 0.190789 0.037433
3 0.507675 0.744207 0.168860 0.076649
6 0.604167 0.280749 0.032895 0.040998
7 0.604167 0.377897 0.041667 0.039216
7 0.599781 0.472371 0.041667 0.039216
8 0.591009 0.563280 0.050439 0.046346
8 0.583333 0.645276 0.043860 0.039216
8 0.577851 0.724599 0.046053 0.040998
