2 0.567982 0.079323 0.114035 0.026738
3 0.563596 0.159537 0.144737 0.030303
3 0.561404 0.246881 0.118421 0.037433
3 0.552632 0.341355 0.131579 0.044563
3 0.505482 0.434938 0.164474 0.060606
3 0.490132 0.542781 0.173246 0.051693
3 0.469298 0.643494 0.166667 0.046346
3 0.487939 0.760250 0.146930 0.090909
6 0.608553 0.348485 0.032895 0.044563
7 0.572368 0.449198 0.039474 0.042781
7 0.554825 0.546346 0.052632 0.048128
7 0.537281 0.650624 0.048246 0.046346
7 0.535088 0.733512 0.061404 0.048128
5 0.536184 0.646168 0.032895 0.048128
