1 0.528509 0.013369 0.144737 0.023173
2 0.528509 0.089127 0.140351 0.024955
3 0.532895 0.170232 0.135965 0.037433
2 0.521930 0.261141 0.127193 0.033868
3 0.498904 0.361854 0.173246 0.039216
2 0.496711 0.451872 0.173246 0.040998
3 0.485746 0.552585 0.160088 0.042781
2 0.496711 0.646168 0.160088 0.048128
2 0.510965 0.746881 0.131579 0.074866
7 0.561404 0.364528 0.043860 0.037433
7 0.559211 0.455437 0.043860 0.044563
7 0.550439 0.552585 0.043860 0.046346
7 0.552632 0.639929 0.048246 0.046346
6 0.561404 0.721034 0.030702 0.040998
