2 0.607456 0.018717 0.118421 0.019608
3 0.606360 0.097148 0.125000 0.026738
3 0.594298 0.170232 0.131579 0.030303
3 0.563596 0.254011 0.135965 0.051693
3 0.531798 0.344920 0.133772 0.044563
3 0.498904 0.434938 0.142544 0.046346
3 0.469298 0.539216 0.157895 0.044563
3 0.473684 0.646168 0.153509 0.040998
4 0.498904 0.744207 0.142544 0.069519
6 0.653509 0.176471 0.030702 0.035651
6 0.623904 0.263815 0.028509 0.035651
6 0.588816 0.352050 0.032895 0.037433
7 0.557018 0.445633 0.039474 0.046346
7 0.530702 0.539216 0.043860 0.044563
6 0.537281 0.639929 0.052632 0.046346
5 0.557018 0.717469 0.043860 0.037433
