0 0.562500 0.017825 0.125000 0.024955
0 0.554825 0.109626 0.131579 0.030303
0 0.546053 0.214795 0.140351 0.030303
0 0.532895 0.323529 0.157895 0.033868
0 0.507675 0.432264 0.155702 0.040998
1 0.498904 0.549911 0.160088 0.040998
2 0.494518 0.663102 0.182018 0.053476
0 0.492325 0.777184 0.142544 0.053476
6 0.578947 0.438503 0.035088 0.042781
6 0.561404 0.549020 0.039474 0.042781
7 0.557018 0.659537 0.057018 0.053476
7 0.543860 0.763815 0.043860 0.044563
5 0.543860 0.763815 0.048246 0.044563
9 0.494518 0.569519 0.059211 0.040998
