2 0.629386 0.049020 0.131579 0.037433
2 0.615132 0.122995 0.133772 0.028520
2 0.592105 0.193405 0.135965 0.037433
3 0.597588 0.281640 0.151316 0.053476
2 0.569079 0.360963 0.133772 0.044563
2 0.535088 0.445633 0.127193 0.042781
3 0.498904 0.539216 0.160088 0.048128
2 0.487939 0.637255 0.129386 0.037433
3 0.491228 0.737968 0.131579 0.053476
1 0.516447 0.844029 0.116228 0.083779
6 0.666667 0.200535 0.026316 0.030303
8 0.653509 0.290553 0.043860 0.060606
6 0.619518 0.364528 0.037281 0.033868
7 0.536184 0.636364 0.037281 0.042781
7 0.541667 0.730838 0.043860 0.042781
5 0.542763 0.731729 0.046053 0.040998
9 0.622807 0.186275 0.039474 0.026738
9 0.645833 0.045455 0.037281 0.023173
9 0.641447 0.061497 0.032895 0.023173
9 0.629386 0.113191 0.035088 0.019608
