3 0.561404 0.018717 0.114035 0.026738
3 0.561404 0.089127 0.118421 0.024955
3 0.533991 0.163102 0.129386 0.030303
2 0.549342 0.246881 0.129386 0.033868
2 0.550439 0.337790 0.122807 0.033868
2 0.543860 0.428699 0.153509 0.040998
2 0.543860 0.522282 0.162281 0.039216
2 0.537281 0.620321 0.162281 0.049911
3 0.561404 0.716578 0.162281 0.067736
1 0.610746 0.797683 0.098684 0.083779
6 0.601974 0.428699 0.037281 0.040998
7 0.601974 0.525847 0.050439 0.042781
8 0.619518 0.694296 0.054825 0.037433
5 0.601974 0.431373 0.032895 0.042781
5 0.604167 0.609626 0.041667 0.046346
5 0.621711 0.693405 0.046053 0.039216
