2 0.561404 0.012478 0.105263 0.021390
1 0.549342 0.079323 0.111842 0.026738
1 0.541667 0.159537 0.109649 0.030303
1 0.523026 0.246881 0.107456 0.033868
1 0.512061 0.341355 0.120614 0.037433
2 0.498904 0.442068 0.142544 0.046346
2 0.495614 0.541889 0.140351 0.046346
3 0.495614 0.644385 0.144737 0.058824
2 0.520833 0.740642 0.146930 0.080214
7 0.547149 0.541889 0.041667 0.053476
7 0.548246 0.636364 0.048246 0.049911
8 0.570175 0.721925 0.057018 0.057041
5 0.551535 0.638146 0.046053 0.057041
5 0.569079 0.720143 0.059211 0.053476
