1 0.529605 0.009804 0.133772 0.016043
1 0.527412 0.102496 0.138158 0.026738
1 0.525219 0.207665 0.142544 0.033868
1 0.526316 0.311052 0.153509 0.044563
2 0.498904 0.425134 0.164474 0.051693
3 0.469298 0.542781 0.166667 0.044563
3 0.467105 0.659537 0.166667 0.053476
3 0.498904 0.784314 0.151316 0.092692
6 0.539474 0.546346 0.035088 0.055258
6 0.537281 0.656863 0.057018 0.065954
6 0.561404 0.757576 0.057018 0.053476
5 0.537281 0.653298 0.057018 0.058824
5 0.563596 0.757576 0.057018 0.053476
9 0.538377 0.336007 0.041667 0.026738
