2 0.520833 0.022282 0.098684 0.026738
1 0.509868 0.089127 0.107456 0.028520
1 0.503289 0.163102 0.098684 0.030303
1 0.490132 0.244207 0.107456 0.032086
1 0.478070 0.331551 0.118421 0.042781
1 0.457237 0.425134 0.129386 0.040998
3 0.436404 0.518717 0.153509 0.042781
3 0.418860 0.609626 0.149123 0.039216
3 0.425439 0.710339 0.131579 0.076649
6 0.509868 0.428699 0.041667 0.055258
7 0.492325 0.522282 0.037281 0.046346
7 0.469298 0.606061 0.048246 0.046346
6 0.479167 0.693405 0.050439 0.049911
9 0.449561 0.496435 0.052632 0.040998
