1 0.567982 0.063280 0.118421 0.026738
2 0.550439 0.147059 0.131579 0.037433
2 0.529605 0.239750 0.133772 0.033868
2 0.508772 0.336898 0.144737 0.042781
2 0.498904 0.445633 0.151316 0.039216
2 0.492325 0.558824 0.146930 0.040998
2 0.509868 0.665775 0.151316 0.058824
2 0.551535 0.765597 0.138158 0.098039
6 0.604167 0.152406 0.024123 0.040998
6 0.586623 0.245989 0.028509 0.042781
6 0.563596 0.449198 0.035088 0.049911
6 0.555921 0.554367 0.046053 0.049911
7 0.562500 0.654189 0.050439 0.049911
8 0.599781 0.735294 0.050439 0.048128
