3 0.626096 0.059715 0.103070 0.023173
3 0.611842 0.126560 0.114035 0.024955
3 0.604167 0.204100 0.116228 0.030303
3 0.593202 0.284314 0.125000 0.037433
3 0.570175 0.371658 0.140351 0.037433
3 0.547149 0.461676 0.142544 0.046346
3 0.528509 0.556150 0.162281 0.042781
3 0.526316 0.654189 0.153509 0.035651
4 0.537281 0.746881 0.157895 0.046346
3 0.551535 0.848485 0.133772 0.071301
6 0.630482 0.377897 0.032895 0.039216
6 0.606360 0.468806 0.032895 0.049911
7 0.594298 0.559715 0.043860 0.049911
8 0.585526 0.656863 0.043860 0.051693
7 0.593202 0.740642 0.054825 0.051693
6 0.604167 0.826203 0.050439 0.048128
