3 0.541667 0.076649 0.140351 0.039216
3 0.530702 0.156863 0.127193 0.035651
3 0.517544 0.244207 0.131579 0.032086
3 0.509868 0.334225 0.151316 0.040998
3 0.498904 0.431373 0.155702 0.035651
3 0.496711 0.532977 0.164474 0.042781
3 0.498904 0.629234 0.168860 0.060606
4 0.525219 0.727273 0.160088 0.074866
6 0.597588 0.081996 0.032895 0.032086
6 0.578947 0.163102 0.030702 0.030303
6 0.566886 0.244207 0.028509 0.028520
7 0.567982 0.336007 0.039474 0.037433
7 0.558114 0.433155 0.046053 0.035651
7 0.554825 0.530303 0.048246 0.044563
7 0.561404 0.622995 0.052632 0.044563
7 0.583333 0.704100 0.052632 0.042781
9 0.538377 0.094474 0.050439 0.046346
