3 0.539474 0.049020 0.127193 0.023173
3 0.539474 0.120321 0.127193 0.023173
3 0.541667 0.200535 0.122807 0.026738
3 0.546053 0.287879 0.127193 0.023173
2 0.541667 0.377897 0.149123 0.032086
3 0.524123 0.468806 0.171053 0.035651
2 0.514254 0.562389 0.182018 0.040998
4 0.505482 0.649733 0.190789 0.040998
2 0.519737 0.744207 0.153509 0.069519
6 0.591009 0.045455 0.032895 0.033868
6 0.589912 0.287879 0.035088 0.033868
6 0.599781 0.375223 0.037281 0.037433
6 0.589912 0.471480 0.035088 0.044563
8 0.587719 0.565954 0.061404 0.051693
8 0.584430 0.649733 0.041667 0.051693
8 0.578947 0.721034 0.052632 0.044563
9 0.553728 0.545455 0.046053 0.032086
