1 0.552632 0.036542 0.096491 0.023173
1 0.548246 0.102496 0.096491 0.023173
1 0.538377 0.180927 0.107456 0.026738
1 0.535088 0.264706 0.105263 0.026738
2 0.521930 0.354724 0.127193 0.032086
1 0.498904 0.444742 0.120614 0.033868
2 0.481360 0.539216 0.133772 0.033868
1 0.473684 0.639037 0.127193 0.048128
3 0.489035 0.747772 0.140351 0.087344
6 0.573465 0.356506 0.037281 0.039216
6 0.533991 0.544563 0.041667 0.048128
6 0.526316 0.635472 0.048246 0.055258
7 0.537281 0.727273 0.057018 0.064171
5 0.537281 0.725490 0.048246 0.053476
