1 0.535088 0.013369 0.105263 0.023173
2 0.530702 0.087344 0.118421 0.032086
3 0.526316 0.166667 0.114035 0.023173
1 0.515351 0.262923 0.122807 0.030303
3 0.498904 0.360963 0.164474 0.037433
2 0.487939 0.455437 0.164474 0.040998
3 0.485746 0.552585 0.155702 0.039216
4 0.492325 0.647059 0.164474 0.042781
2 0.506579 0.743316 0.131579 0.067736
7 0.563596 0.361854 0.048246 0.042781
6 0.554825 0.459002 0.035088 0.037433
7 0.546053 0.552585 0.039474 0.053476
8 0.552632 0.643494 0.052632 0.053476
7 0.557018 0.721034 0.035088 0.040998
