1 0.563596 0.025847 0.114035 0.023173
1 0.557018 0.102496 0.122807 0.030303
1 0.537281 0.187166 0.131579 0.032086
1 0.517544 0.277184 0.131579 0.033868
3 0.498904 0.371658 0.164474 0.037433
2 0.487939 0.468806 0.177632 0.035651
3 0.496711 0.558824 0.168860 0.040998
4 0.509868 0.653298 0.151316 0.073084
7 0.561404 0.375223 0.039474 0.037433
7 0.554825 0.465241 0.048246 0.042781
7 0.559211 0.549911 0.048246 0.037433
8 0.563596 0.630125 0.043860 0.048128
7 0.563596 0.377897 0.039474 0.042781
9 0.461623 0.549020 0.046053 0.032086
