2 0.550439 0.025847 0.100877 0.023173
2 0.531798 0.093583 0.107456 0.026738
2 0.535088 0.172906 0.114035 0.028520
1 0.509868 0.254011 0.116228 0.030303
1 0.510965 0.344920 0.135965 0.033868
1 0.508772 0.445633 0.135965 0.035651
4 0.498904 0.539216 0.168860 0.044563
4 0.515351 0.622995 0.153509 0.044563
4 0.518640 0.704100 0.146930 0.060606
8 0.561404 0.535651 0.048246 0.044563
8 0.561404 0.445633 0.039474 0.049911
8 0.561404 0.615865 0.057018 0.044563
7 0.572368 0.690731 0.039474 0.037433
5 0.563596 0.615865 0.043860 0.037433
