1 0.543860 0.034759 0.114035 0.026738
3 0.531798 0.116756 0.125000 0.033868
9 0.546053 0.103387 0.030702 0.021390
9 0.531798 0.290553 0.046053 0.032086
2 0.521930 0.207665 0.144737 0.033868
3 0.512061 0.303922 0.177632 0.044563
3 0.498904 0.401070 0.190789 0.039216
3 0.490132 0.495544 0.203947 0.049911
3 0.492325 0.606061 0.173246 0.049911
3 0.498904 0.721034 0.168860 0.080214
7 0.581140 0.300357 0.043860 0.037433
8 0.576754 0.394831 0.043860 0.048128
7 0.567982 0.499109 0.039474 0.042781
7 0.557018 0.602496 0.048246 0.049911
7 0.565789 0.693405 0.039474 0.039216
