1 0.561404 0.070410 0.118421 0.030303
1 0.561404 0.154189 0.135965 0.033868
2 0.557018 0.240642 0.157895 0.039216
3 0.546053 0.337790 0.166667 0.040998
3 0.507675 0.432264 0.186404 0.048128
2 0.492325 0.536542 0.186404 0.067736
3 0.474781 0.646168 0.164474 0.058824
1 0.487939 0.767380 0.155702 0.105169
6 0.621711 0.240642 0.032895 0.039216
7 0.557018 0.546346 0.057018 0.065954
7 0.539474 0.643494 0.052632 0.060606
6 0.548246 0.734403 0.057018 0.053476
5 0.554825 0.545455 0.048246 0.060606
5 0.537281 0.639929 0.057018 0.053476
