3 0.557018 0.018717 0.114035 0.023173
3 0.559211 0.090018 0.122807 0.033868
3 0.557018 0.163102 0.114035 0.033868
2 0.555921 0.246881 0.116228 0.033868
2 0.552632 0.337790 0.131579 0.033868
3 0.539474 0.432264 0.162281 0.040998
2 0.533991 0.525847 0.164474 0.042781
2 0.531798 0.620321 0.160088 0.053476
2 0.561404 0.710339 0.166667 0.062389
1 0.610746 0.791444 0.098684 0.067736
8 0.601974 0.434938 0.037281 0.046346
8 0.592105 0.519608 0.043860 0.044563
6 0.604167 0.609626 0.037281 0.039216
8 0.617325 0.696970 0.054825 0.039216
5 0.623904 0.693405 0.046053 0.039216
