3 0.561404 0.018717 0.105263 0.026738
3 0.561404 0.082888 0.109649 0.026738
3 0.561404 0.163102 0.135965 0.026738
2 0.561404 0.246881 0.131579 0.033868
1 0.557018 0.337790 0.131579 0.030303
6 0.610746 0.246881 0.037281 0.037433
2 0.536184 0.428699 0.155702 0.040998
2 0.543860 0.529412 0.162281 0.049911
2 0.538377 0.623886 0.164474 0.064171
4 0.557018 0.721034 0.171053 0.083779
5 0.604167 0.428699 0.041667 0.044563
7 0.599781 0.522282 0.046053 0.039216
6 0.604167 0.609626 0.041667 0.046346
8 0.617325 0.690731 0.050439 0.040998
5 0.619518 0.694296 0.041667 0.033868
1 0.615132 0.794118 0.103070 0.073084
