3 0.615132 0.018717 0.098684 0.019608
3 0.615132 0.093583 0.111842 0.019608
3 0.604167 0.170232 0.133772 0.033868
3 0.573465 0.250446 0.142544 0.044563
3 0.527412 0.341355 0.133772 0.051693
3 0.498904 0.434938 0.142544 0.049911
3 0.471491 0.539216 0.153509 0.044563
3 0.475877 0.650624 0.149123 0.049911
4 0.498904 0.740642 0.151316 0.069519
6 0.657895 0.177362 0.030702 0.037433
6 0.623904 0.264706 0.028509 0.037433
7 0.535088 0.542781 0.039474 0.048128
6 0.554825 0.449198 0.035088 0.046346
8 0.535088 0.638146 0.057018 0.042781
8 0.554825 0.717469 0.043860 0.033868
5 0.554825 0.717469 0.035088 0.037433
