2 0.578947 0.052585 0.118421 0.030303
2 0.563596 0.123886 0.127193 0.030303
2 0.547149 0.196970 0.125000 0.040998
2 0.523026 0.280749 0.116228 0.040998
3 0.502193 0.365419 0.127193 0.046346
3 0.474781 0.455437 0.142544 0.044563
3 0.459430 0.556150 0.160088 0.049911
3 0.479167 0.643494 0.160088 0.064171
2 0.532895 0.737077 0.135965 0.101604
6 0.554825 0.371658 0.043860 0.058824
8 0.535088 0.461676 0.043860 0.053476
8 0.520833 0.549020 0.054825 0.060606
8 0.529605 0.631907 0.054825 0.048128
6 0.572368 0.704100 0.083333 0.053476
