2 0.605263 0.022282 0.118421 0.023173
2 0.603070 0.092692 0.122807 0.024955
3 0.595395 0.173797 0.138158 0.037433
3 0.565789 0.254902 0.135965 0.042781
3 0.535088 0.344029 0.140351 0.049911
3 0.501096 0.438503 0.146930 0.049911
3 0.479167 0.539216 0.155702 0.040998
2 0.478070 0.639929 0.144737 0.046346
4 0.501096 0.740642 0.138158 0.069519
6 0.628289 0.264706 0.032895 0.040998
6 0.593202 0.354724 0.032895 0.039216
7 0.557018 0.445633 0.039474 0.042781
7 0.533991 0.535651 0.041667 0.044563
6 0.531798 0.636364 0.046053 0.042781
6 0.557018 0.721034 0.043860 0.040998
5 0.533991 0.633690 0.046053 0.044563
5 0.557018 0.721034 0.039474 0.040998
