3 0.559211 0.022282 0.105263 0.026738
3 0.561404 0.090018 0.127193 0.030303
3 0.554825 0.166667 0.131579 0.026738
2 0.559211 0.246881 0.127193 0.033868
2 0.553728 0.337790 0.125000 0.033868
3 0.540570 0.428699 0.151316 0.037433
2 0.546053 0.523173 0.153509 0.037433
2 0.536184 0.620321 0.160088 0.057041
3 0.563596 0.716578 0.157895 0.071301
1 0.619518 0.797683 0.089912 0.058824
8 0.595395 0.434938 0.041667 0.039216
8 0.599781 0.519608 0.050439 0.040998
6 0.601974 0.609626 0.037281 0.042781
8 0.617325 0.696970 0.054825 0.042781
9 0.548246 0.106952 0.043860 0.028520
9 0.547149 0.540998 0.050439 0.037433
