1 0.561404 0.042781 0.105263 0.028520
1 0.561404 0.116756 0.100877 0.026738
1 0.559211 0.193405 0.114035 0.030303
1 0.550439 0.278075 0.127193 0.035651
3 0.523026 0.364528 0.138158 0.040998
3 0.498904 0.458111 0.138158 0.042781
3 0.464912 0.549020 0.149123 0.046346
2 0.476974 0.647059 0.160088 0.053476
3 0.498904 0.740642 0.138158 0.108734
6 0.578947 0.368093 0.039474 0.048128
6 0.559211 0.465241 0.035088 0.042781
6 0.539474 0.552585 0.035088 0.053476
7 0.535088 0.639929 0.052632 0.053476
7 0.561404 0.707665 0.057018 0.053476
5 0.539474 0.636364 0.057018 0.053476
5 0.561404 0.707665 0.048246 0.049911
