2 0.606360 0.021390 0.116228 0.024955
2 0.598684 0.096257 0.127193 0.021390
3 0.587719 0.172906 0.140351 0.032086
3 0.565789 0.254011 0.131579 0.044563
3 0.533991 0.344920 0.129386 0.044563
3 0.508772 0.438503 0.135965 0.046346
3 0.483553 0.535651 0.151316 0.037433
2 0.479167 0.639929 0.151316 0.042781
4 0.498904 0.740642 0.142544 0.065954
6 0.628289 0.264706 0.032895 0.037433
6 0.592105 0.357398 0.035088 0.033868
6 0.559211 0.448307 0.039474 0.040998
7 0.531798 0.535651 0.046053 0.037433
6 0.535088 0.636364 0.043860 0.042781
6 0.552632 0.717469 0.039474 0.033868
5 0.535088 0.633690 0.048246 0.044563
5 0.554825 0.720143 0.039474 0.032086
