1 0.591009 0.059715 0.116228 0.026738
1 0.584430 0.132799 0.120614 0.026738
1 0.565789 0.217469 0.135965 0.039216
1 0.557018 0.307487 0.149123 0.040998
1 0.531798 0.415330 0.155702 0.049911
3 0.509868 0.522282 0.186404 0.053476
2 0.485746 0.630125 0.182018 0.048128
3 0.487939 0.740642 0.203947 0.058824
1 0.526316 0.858289 0.149123 0.101604
7 0.585526 0.529412 0.043860 0.064171
6 0.561404 0.632799 0.048246 0.060606
7 0.559211 0.734403 0.061404 0.067736
6 0.587719 0.821747 0.057018 0.046346
5 0.559211 0.733512 0.061404 0.062389
9 0.567982 0.298574 0.035088 0.023173
9 0.531798 0.299465 0.028509 0.021390
9 0.550439 0.438503 0.043860 0.035651
9 0.438596 0.651515 0.039474 0.037433
