0 0.606360 0.052585 0.125000 0.023173
1 0.593202 0.147059 0.138158 0.037433
1 0.559211 0.240642 0.153509 0.067736
0 0.509868 0.335116 0.151316 0.067736
1 0.462719 0.444742 0.175439 0.058824
2 0.438596 0.559715 0.175439 0.049911
2 0.436404 0.680927 0.171053 0.057041
2 0.452851 0.795009 0.138158 0.078431
7 0.536184 0.458111 0.041667 0.053476
7 0.503289 0.563280 0.046053 0.053476
8 0.494518 0.677362 0.054825 0.049911
6 0.503289 0.777184 0.046053 0.042781
5 0.492325 0.677362 0.050439 0.049911
9 0.582237 0.262032 0.041667 0.035651
9 0.530702 0.357398 0.048246 0.030303
9 0.480263 0.467023 0.039474 0.028520
