3 0.581140 0.010695 0.114035 0.017825
3 0.586623 0.076649 0.116228 0.028520
3 0.585526 0.156863 0.118421 0.028520
2 0.580044 0.234403 0.111842 0.037433
3 0.561404 0.331551 0.127193 0.042781
3 0.532895 0.418004 0.144737 0.044563
3 0.501096 0.518717 0.155702 0.053476
2 0.490132 0.626560 0.155702 0.062389
3 0.508772 0.734403 0.157895 0.081996
2 0.585526 0.816399 0.083333 0.081996
6 0.642544 0.159537 0.030702 0.033868
7 0.564693 0.523173 0.041667 0.044563
7 0.552632 0.618538 0.035088 0.039216
7 0.565789 0.711230 0.048246 0.039216
9 0.510965 0.643494 0.048246 0.049911
9 0.583333 0.176471 0.052632 0.042781
