3 0.549342 0.035651 0.138158 0.028520
1 0.540570 0.129234 0.125000 0.019608
1 0.529605 0.220143 0.129386 0.030303
1 0.512061 0.321747 0.133772 0.026738
1 0.496711 0.431373 0.146930 0.028520
2 0.489035 0.542781 0.162281 0.040998
3 0.481360 0.656863 0.182018 0.051693
3 0.496711 0.778075 0.164474 0.083779
6 0.550439 0.540107 0.043860 0.053476
7 0.543860 0.647059 0.057018 0.053476
7 0.554825 0.750446 0.043860 0.049911
5 0.546053 0.650624 0.048246 0.053476
5 0.552632 0.750446 0.052632 0.046346
7 0.608553 0.032977 0.041667 0.048128
