0 0.565789 0.036542 0.135965 0.030303
0 0.554825 0.122995 0.135965 0.032086
9 0.578947 0.029412 0.052632 0.026738
0 0.531798 0.216578 0.133772 0.030303
0 0.509868 0.324421 0.125000 0.039216
0 0.494518 0.435829 0.151316 0.037433
0 0.492325 0.552585 0.177632 0.046346
2 0.498904 0.673797 0.168860 0.071301
2 0.529605 0.770945 0.177632 0.080214
9 0.494518 0.532977 0.046053 0.024955
9 0.485746 0.565954 0.046053 0.023173
8 0.552632 0.552585 0.052632 0.053476
8 0.557018 0.655080 0.061404 0.051693
8 0.584430 0.755793 0.072368 0.049911
