1 0.619518 0.040107 0.116228 0.026738
1 0.615132 0.123886 0.120614 0.023173
1 0.614035 0.210339 0.118421 0.032086
1 0.603070 0.304813 0.135965 0.035651
1 0.595395 0.408200 0.129386 0.039216
2 0.572368 0.512478 0.157895 0.037433
2 0.552632 0.616756 0.157895 0.042781
2 0.549342 0.730838 0.160088 0.053476
2 0.554825 0.846702 0.153509 0.085561
6 0.638158 0.516043 0.043860 0.040998
6 0.617325 0.621212 0.041667 0.058824
7 0.610746 0.729947 0.054825 0.058824
5 0.608553 0.727273 0.050439 0.057041
6 0.611842 0.827094 0.043860 0.049911
