2 0.588816 0.039216 0.098684 0.021390
2 0.581140 0.106061 0.105263 0.023173
1 0.576754 0.173797 0.105263 0.023173
0 0.563596 0.249554 0.114035 0.028520
0 0.553728 0.327986 0.116228 0.028520
0 0.535088 0.418895 0.127193 0.035651
0 0.516447 0.513369 0.133772 0.032086
0 0.505482 0.614973 0.146930 0.039216
3 0.503289 0.719251 0.164474 0.048128
3 0.515351 0.818182 0.162281 0.071301
8 0.562500 0.720143 0.054825 0.060606
8 0.567982 0.803030 0.057018 0.048128
5 0.566886 0.724599 0.046053 0.040998
5 0.571272 0.805704 0.046053 0.042781
