3 0.529605 0.009804 0.111842 0.016043
3 0.538377 0.071301 0.111842 0.024955
3 0.550439 0.136364 0.127193 0.026738
3 0.549342 0.207665 0.125000 0.023173
3 0.544956 0.284314 0.129386 0.026738
3 0.532895 0.368093 0.131579 0.044563
3 0.498904 0.451872 0.151316 0.044563
3 0.476974 0.545455 0.164474 0.046346
3 0.474781 0.633690 0.168860 0.044563
3 0.498904 0.729947 0.142544 0.090909
6 0.601974 0.132799 0.037281 0.037433
6 0.606360 0.207665 0.046053 0.033868
6 0.606360 0.291444 0.037281 0.033868
6 0.561404 0.461676 0.043860 0.049911
7 0.541667 0.549020 0.048246 0.039216
8 0.531798 0.622995 0.050439 0.048128
6 0.552632 0.700535 0.057018 0.046346
