1 0.548246 0.018717 0.096491 0.023173
1 0.548246 0.090018 0.105263 0.019608
1 0.529605 0.166667 0.107456 0.026738
1 0.518640 0.250446 0.107456 0.030303
1 0.503289 0.344920 0.129386 0.033868
1 0.503289 0.445633 0.129386 0.035651
2 0.498904 0.546346 0.151316 0.037433
3 0.512061 0.639929 0.168860 0.049911
3 0.529605 0.733512 0.129386 0.073084
6 0.557018 0.542781 0.039474 0.044563
8 0.567982 0.636364 0.061404 0.046346
6 0.576754 0.713904 0.043860 0.033868
5 0.565789 0.637255 0.057018 0.048128
5 0.582237 0.706774 0.032895 0.026738
