1 0.552632 0.016043 0.087719 0.024955
1 0.554825 0.082888 0.092105 0.023173
1 0.543860 0.159537 0.096491 0.026738
1 0.525219 0.241533 0.107456 0.026738
1 0.508772 0.325312 0.114035 0.033868
3 0.494518 0.414439 0.133772 0.033868
3 0.484649 0.505348 0.135965 0.037433
3 0.494518 0.590018 0.142544 0.042781
3 0.524123 0.676471 0.127193 0.076649
6 0.540570 0.418895 0.037281 0.039216
6 0.535088 0.501783 0.035088 0.033868
7 0.546053 0.582888 0.052632 0.042781
8 0.565789 0.656863 0.043860 0.037433
9 0.498904 0.398396 0.046053 0.033868
