1 0.536184 0.032977 0.133772 0.026738
1 0.535088 0.113191 0.135965 0.030303
1 0.525219 0.200535 0.138158 0.033868
1 0.509868 0.294118 0.155702 0.039216
3 0.494518 0.394831 0.173246 0.044563
3 0.473684 0.492870 0.162281 0.044563
3 0.473684 0.591800 0.157895 0.046346
3 0.486842 0.690731 0.175439 0.051693
3 0.513158 0.792335 0.157895 0.090909
6 0.539474 0.492870 0.030702 0.044563
7 0.533991 0.590909 0.041667 0.051693
7 0.551535 0.678253 0.050439 0.040998
6 0.572368 0.763815 0.048246 0.040998
5 0.553728 0.679144 0.046053 0.042781
5 0.571272 0.763815 0.046053 0.037433
