2 0.546053 0.036542 0.118421 0.026738
3 0.533991 0.120321 0.125000 0.033868
3 0.526316 0.204100 0.135965 0.030303
3 0.505482 0.303922 0.182018 0.037433
3 0.503289 0.398396 0.182018 0.033868
3 0.496711 0.501783 0.190789 0.044563
3 0.492325 0.606061 0.173246 0.049911
3 0.498904 0.717469 0.168860 0.073084
7 0.570175 0.303922 0.052632 0.037433
8 0.572368 0.398396 0.048246 0.040998
7 0.565789 0.502674 0.048246 0.042781
8 0.557018 0.602496 0.043860 0.049911
8 0.561404 0.696970 0.043860 0.046346
5 0.561404 0.696970 0.039474 0.039216
