3 0.536184 0.165775 0.120614 0.028520
3 0.526316 0.260250 0.118421 0.032086
3 0.498904 0.358289 0.146930 0.035651
3 0.498904 0.462567 0.151316 0.037433
3 0.485746 0.559715 0.164474 0.042781
4 0.471491 0.647059 0.149123 0.046346
4 0.508772 0.740642 0.109649 0.058824
8 0.554825 0.459002 0.030702 0.040998
8 0.539474 0.558824 0.048246 0.048128
8 0.528509 0.637255 0.048246 0.037433
6 0.541667 0.721034 0.039474 0.033868
6 0.565789 0.361854 0.030702 0.042781
5 0.565789 0.361854 0.030702 0.042781
5 0.525219 0.639929 0.050439 0.032086
