1 0.570175 0.734403 0.061404 0.064171
1 0.550439 0.015152 0.096491 0.026738
1 0.550439 0.086453 0.096491 0.019608
1 0.537281 0.159537 0.092105 0.023173
1 0.527412 0.239750 0.103070 0.023173
2 0.510965 0.327986 0.109649 0.035651
3 0.494518 0.415330 0.129386 0.035651
3 0.485746 0.505348 0.142544 0.040998
3 0.494518 0.590018 0.138158 0.039216
3 0.524123 0.676471 0.135965 0.073084
6 0.563596 0.243316 0.039474 0.037433
6 0.550439 0.331551 0.035088 0.042781
6 0.541667 0.415330 0.035088 0.039216
8 0.530702 0.502674 0.043860 0.035651
7 0.548246 0.582888 0.039474 0.032086
7 0.567982 0.656863 0.043860 0.037433
9 0.501096 0.398396 0.046053 0.026738
