3 0.633772 0.049020 0.118421 0.033868
3 0.607456 0.120321 0.127193 0.033868
2 0.608553 0.189840 0.125000 0.030303
2 0.593202 0.270945 0.133772 0.035651
1 0.559211 0.358289 0.131579 0.042781
1 0.526316 0.445633 0.131579 0.042781
2 0.494518 0.539216 0.146930 0.040998
1 0.475877 0.639929 0.135965 0.039216
3 0.480263 0.740642 0.140351 0.044563
1 0.513158 0.847594 0.114035 0.090909
6 0.658991 0.196970 0.028509 0.033868
6 0.649123 0.280749 0.030702 0.033868
7 0.539474 0.639929 0.043860 0.046346
7 0.539474 0.734403 0.043860 0.042781
9 0.630482 0.106952 0.050439 0.028520
9 0.621711 0.180927 0.041667 0.023173
9 0.546053 0.435829 0.052632 0.033868
9 0.494518 0.553476 0.046053 0.030303
9 0.520833 0.459002 0.032895 0.026738
