2 0.580044 0.044563 0.125000 0.032086
3 0.572368 0.113191 0.131579 0.026738
3 0.558114 0.187166 0.129386 0.035651
2 0.537281 0.270053 0.131579 0.037433
2 0.509868 0.360071 0.168860 0.046346
2 0.491228 0.455437 0.171053 0.040998
2 0.473684 0.553476 0.179825 0.044563
3 0.486842 0.647950 0.175439 0.062389
3 0.520833 0.758467 0.138158 0.094474
6 0.633772 0.049911 0.026316 0.032086
6 0.622807 0.118538 0.035088 0.030303
6 0.607456 0.195187 0.035088 0.033868
6 0.589912 0.278075 0.039474 0.035651
7 0.577851 0.365419 0.037281 0.042781
7 0.562500 0.461676 0.037281 0.039216
7 0.544956 0.557041 0.037281 0.048128
8 0.549342 0.644385 0.063596 0.055258
9 0.505482 0.377005 0.050439 0.033868
9 0.498904 0.471480 0.046053 0.033868
