1 0.560307 0.077540 0.125000 0.023173
1 0.557018 0.158645 0.118421 0.024955
1 0.553728 0.246881 0.125000 0.026738
2 0.541667 0.337790 0.149123 0.033868
4 0.514254 0.424242 0.177632 0.046346
3 0.490132 0.518717 0.177632 0.057041
3 0.479167 0.622995 0.173246 0.058824
4 0.494518 0.720143 0.155702 0.085561
7 0.583333 0.434046 0.043860 0.044563
7 0.549342 0.526738 0.050439 0.051693
7 0.546053 0.616756 0.057018 0.046346
7 0.558114 0.693405 0.046053 0.035651
5 0.544956 0.614973 0.050439 0.049911
5 0.555921 0.691622 0.041667 0.039216
