3 0.584430 0.009804 0.120614 0.016043
3 0.584430 0.075758 0.125000 0.019608
3 0.588816 0.154189 0.125000 0.023173
2 0.572368 0.234403 0.109649 0.033868
2 0.553728 0.330660 0.125000 0.037433
3 0.535088 0.421569 0.135965 0.048128
3 0.501096 0.516043 0.146930 0.048128
3 0.492325 0.623886 0.151316 0.053476
2 0.510965 0.737077 0.144737 0.083779
6 0.639254 0.154189 0.032895 0.033868
6 0.593202 0.425134 0.037281 0.044563
7 0.561404 0.525847 0.043860 0.042781
7 0.548246 0.616756 0.043860 0.035651
7 0.561404 0.713904 0.048246 0.044563
9 0.596491 0.065954 0.048246 0.028520
9 0.585526 0.176471 0.052632 0.039216
9 0.494518 0.647059 0.059211 0.042781
2 0.581140 0.814617 0.070175 0.074866
