1 0.598684 0.029412 0.109649 0.030303
1 0.596491 0.102496 0.105263 0.026738
1 0.601974 0.180927 0.116228 0.033868
1 0.604167 0.264706 0.107456 0.037433
3 0.599781 0.352050 0.142544 0.033868
1 0.588816 0.442068 0.133772 0.039216
1 0.571272 0.539216 0.142544 0.048128
3 0.541667 0.647059 0.184211 0.053476
3 0.518640 0.737077 0.160088 0.051693
4 0.531798 0.831551 0.160088 0.062389
8 0.598684 0.648841 0.061404 0.053476
7 0.577851 0.733512 0.046053 0.051693
8 0.582237 0.819964 0.059211 0.046346
5 0.605263 0.645276 0.052632 0.057041
