3 0.583333 0.009804 0.118421 0.016043
3 0.581140 0.075758 0.127193 0.026738
3 0.593202 0.154189 0.125000 0.023173
2 0.580044 0.234403 0.116228 0.037433
2 0.549342 0.327986 0.129386 0.035651
3 0.520833 0.418895 0.133772 0.042781
3 0.496711 0.516043 0.146930 0.051693
3 0.483553 0.622995 0.160088 0.048128
2 0.503289 0.733512 0.142544 0.076649
9 0.529605 0.398396 0.054825 0.033868
7 0.554825 0.522282 0.048246 0.046346
7 0.548246 0.622995 0.048246 0.044563
6 0.563596 0.710339 0.043860 0.033868
2 0.581140 0.808378 0.074561 0.073084
