4 0.535088 0.746881 0.175439 0.053476
3 0.557018 0.847594 0.140351 0.080214
3 0.621711 0.066845 0.120614 0.033868
3 0.609649 0.132799 0.122807 0.023173
3 0.598684 0.207665 0.131579 0.026738
3 0.587719 0.284314 0.131579 0.033868
3 0.571272 0.364528 0.138158 0.044563
3 0.548246 0.461676 0.144737 0.046346
3 0.523026 0.559715 0.155702 0.042781
2 0.528509 0.656863 0.153509 0.040998
6 0.646930 0.294118 0.039474 0.039216
6 0.623904 0.374332 0.041667 0.039216
6 0.608553 0.468806 0.037281 0.046346
7 0.581140 0.559715 0.052632 0.053476
7 0.581140 0.653298 0.039474 0.051693
7 0.593202 0.740642 0.063596 0.048128
7 0.606360 0.824421 0.054825 0.044563
9 0.540570 0.737968 0.059211 0.032086
