0 0.567982 0.039216 0.135965 0.024955
0 0.549342 0.122995 0.125000 0.028520
0 0.529605 0.216578 0.125000 0.030303
0 0.515351 0.321747 0.140351 0.033868
0 0.492325 0.434938 0.146930 0.035651
0 0.491228 0.552585 0.184211 0.042781
2 0.496711 0.672014 0.177632 0.078431
2 0.530702 0.784314 0.179825 0.103387
9 0.584430 0.030303 0.046053 0.024955
9 0.503289 0.534759 0.046053 0.028520
7 0.550439 0.551693 0.048246 0.055258
8 0.552632 0.659537 0.070175 0.067736
8 0.583333 0.759358 0.083333 0.060606
5 0.555921 0.662210 0.059211 0.069519
