3 0.536184 0.009804 0.111842 0.016043
3 0.543860 0.066845 0.118421 0.023173
3 0.554825 0.137255 0.118421 0.028520
3 0.564693 0.207665 0.120614 0.026738
3 0.555921 0.287879 0.129386 0.030303
3 0.536184 0.368093 0.142544 0.040998
3 0.507675 0.455437 0.155702 0.048128
3 0.481360 0.542781 0.168860 0.051693
3 0.473684 0.632799 0.162281 0.042781
3 0.498904 0.727273 0.129386 0.081996
7 0.563596 0.459002 0.043860 0.040998
7 0.541667 0.549020 0.039474 0.042781
8 0.535088 0.622995 0.043860 0.040998
6 0.548246 0.700535 0.043860 0.046346
9 0.484649 0.562389 0.052632 0.040998
9 0.479167 0.613191 0.063596 0.042781
9 0.479167 0.648841 0.067982 0.039216
