1 0.543860 0.036542 0.118421 0.023173
3 0.537281 0.119430 0.127193 0.028520
2 0.516447 0.207665 0.146930 0.037433
3 0.509868 0.301248 0.173246 0.032086
3 0.498904 0.398396 0.190789 0.040998
3 0.492325 0.499109 0.199561 0.049911
3 0.485746 0.609626 0.186404 0.060606
3 0.501096 0.717469 0.168860 0.080214
8 0.572368 0.301248 0.052632 0.035651
8 0.572368 0.398396 0.048246 0.044563
7 0.570175 0.502674 0.048246 0.042781
7 0.554825 0.603387 0.048246 0.048128
6 0.561404 0.694296 0.048246 0.044563
9 0.513158 0.521390 0.048246 0.037433
