3 0.615132 0.025847 0.094298 0.023173
3 0.611842 0.090909 0.109649 0.024955
3 0.600877 0.163102 0.122807 0.026738
0 0.581140 0.243316 0.127193 0.037433
0 0.552632 0.327986 0.135965 0.039216
1 0.523026 0.421569 0.142544 0.040998
2 0.503289 0.522282 0.164474 0.042781
2 0.494518 0.623886 0.155702 0.042781
3 0.492325 0.730838 0.168860 0.046346
3 0.498904 0.824421 0.138158 0.073084
6 0.589912 0.428699 0.039474 0.051693
6 0.567982 0.525847 0.039474 0.049911
6 0.554825 0.626560 0.039474 0.055258
7 0.552632 0.720143 0.048246 0.042781
6 0.550439 0.801248 0.035088 0.033868
