0 0.525219 0.063280 0.129386 0.019608
0 0.527412 0.152406 0.138158 0.023173
0 0.521930 0.250446 0.135965 0.023173
0 0.509868 0.354724 0.146930 0.024955
1 0.494518 0.462567 0.195175 0.037433
2 0.485746 0.569519 0.186404 0.037433
1 0.474781 0.677362 0.186404 0.046346
2 0.494518 0.797683 0.173246 0.073084
7 0.565789 0.466132 0.048246 0.044563
7 0.552632 0.569519 0.048246 0.040998
7 0.541667 0.673797 0.048246 0.046346
8 0.548246 0.787879 0.065789 0.064171
5 0.554825 0.573084 0.043860 0.048128
5 0.543860 0.673797 0.048246 0.042781
