2 0.541667 0.036542 0.109649 0.023173
3 0.539474 0.116756 0.118421 0.030303
3 0.512061 0.207665 0.138158 0.037433
9 0.552632 0.196970 0.039474 0.033868
3 0.507675 0.300357 0.177632 0.037433
3 0.498904 0.398396 0.186404 0.048128
3 0.492325 0.495544 0.195175 0.053476
3 0.490132 0.602496 0.168860 0.060606
3 0.505482 0.713904 0.164474 0.076649
6 0.581140 0.303922 0.043860 0.033868
6 0.572368 0.398396 0.039474 0.037433
7 0.565789 0.498217 0.043860 0.040998
7 0.554825 0.599822 0.048246 0.044563
7 0.564693 0.696078 0.050439 0.037433
