3 0.576754 0.079323 0.127193 0.023173
3 0.570175 0.154189 0.127193 0.030303
1 0.551535 0.243316 0.129386 0.040998
1 0.518640 0.331551 0.129386 0.046346
1 0.484649 0.434938 0.144737 0.046346
3 0.472588 0.540107 0.168860 0.057041
3 0.469298 0.650624 0.171053 0.057041
3 0.496711 0.750446 0.160088 0.085561
6 0.637061 0.076649 0.032895 0.032086
6 0.543860 0.442959 0.039474 0.051693
8 0.527412 0.544563 0.054825 0.048128
8 0.521930 0.647059 0.061404 0.057041
8 0.540570 0.732620 0.072368 0.057041
5 0.537281 0.728164 0.052632 0.051693
