0 0.563596 0.022282 0.105263 0.026738
0 0.559211 0.093583 0.109649 0.026738
1 0.544956 0.170232 0.107456 0.033868
1 0.535088 0.257576 0.118421 0.040998
1 0.517544 0.347594 0.127193 0.039216
1 0.498904 0.442068 0.133772 0.039216
2 0.490132 0.535651 0.142544 0.037433
7 0.546053 0.537433 0.039474 0.040998
7 0.554825 0.625668 0.048246 0.046346
6 0.584430 0.711230 0.046053 0.042781
5 0.557018 0.625668 0.043860 0.046346
5 0.580044 0.709447 0.054825 0.046346
2 0.495614 0.637255 0.157895 0.058824
2 0.538377 0.736185 0.142544 0.089127
