2 0.530702 0.022282 0.105263 0.030303
2 0.521930 0.090018 0.109649 0.026738
2 0.520833 0.170232 0.120614 0.033868
2 0.505482 0.254011 0.116228 0.033868
2 0.495614 0.348485 0.127193 0.033868
2 0.494518 0.444742 0.142544 0.033868
2 0.490132 0.549020 0.151316 0.049911
2 0.507675 0.639929 0.182018 0.060606
2 0.513158 0.723708 0.149123 0.064171
7 0.565789 0.173797 0.039474 0.037433
8 0.565789 0.633690 0.061404 0.051693
7 0.561404 0.711230 0.052632 0.046346
5 0.563596 0.710339 0.052632 0.051693
9 0.479167 0.566845 0.094298 0.042781
