2 0.576754 0.042781 0.122807 0.024955
2 0.566886 0.113191 0.125000 0.030303
2 0.552632 0.183601 0.127193 0.032086
2 0.516447 0.267380 0.129386 0.039216
2 0.498904 0.361854 0.155702 0.046346
3 0.490132 0.451872 0.168860 0.048128
2 0.462719 0.552585 0.166667 0.042781
3 0.479167 0.647059 0.182018 0.049911
2 0.524123 0.757576 0.144737 0.092692
6 0.623904 0.045455 0.032895 0.037433
6 0.615132 0.116756 0.028509 0.026738
6 0.606360 0.193405 0.032895 0.033868
6 0.554825 0.455437 0.039474 0.040998
7 0.539474 0.552585 0.048246 0.053476
7 0.546053 0.639929 0.057018 0.042781
9 0.561404 0.097148 0.039474 0.033868
9 0.494518 0.471480 0.046053 0.026738
