1 0.569079 0.073975 0.111842 0.026738
1 0.565789 0.157754 0.114035 0.030303
1 0.552632 0.250446 0.122807 0.033868
1 0.529605 0.344920 0.146930 0.037433
2 0.498904 0.445633 0.160088 0.039216
2 0.490132 0.552585 0.151316 0.046346
2 0.498904 0.656863 0.177632 0.051693
2 0.517544 0.751337 0.149123 0.080214
7 0.585526 0.348485 0.043860 0.044563
7 0.559211 0.448307 0.057018 0.044563
7 0.548246 0.549020 0.043860 0.049911
8 0.554825 0.653298 0.061404 0.055258
8 0.567982 0.728164 0.048246 0.051693
5 0.570175 0.729055 0.052632 0.049911
