3 0.538377 0.075758 0.138158 0.037433
3 0.532895 0.154189 0.131579 0.033868
3 0.507675 0.244207 0.133772 0.032086
3 0.517544 0.334225 0.135965 0.048128
3 0.498904 0.428699 0.164474 0.044563
3 0.494518 0.532977 0.160088 0.049911
3 0.498904 0.626560 0.164474 0.048128
4 0.518640 0.727273 0.164474 0.089127
6 0.599781 0.079323 0.032895 0.033868
6 0.576754 0.159537 0.035088 0.030303
6 0.570175 0.247772 0.030702 0.039216
7 0.561404 0.335116 0.043860 0.046346
7 0.561404 0.434938 0.043860 0.042781
8 0.554825 0.529412 0.043860 0.049911
7 0.559211 0.622995 0.052632 0.048128
7 0.576754 0.704100 0.052632 0.042781
