1 0.543860 0.032086 0.131579 0.024955
1 0.543860 0.115865 0.131579 0.028520
1 0.525219 0.200535 0.129386 0.033868
1 0.509868 0.295009 0.142544 0.037433
3 0.498904 0.394831 0.164474 0.044563
3 0.472588 0.491979 0.155702 0.046346
3 0.471491 0.592692 0.157895 0.051693
3 0.484649 0.694296 0.175439 0.055258
3 0.508772 0.792335 0.157895 0.090909
6 0.563596 0.398396 0.035088 0.048128
6 0.536184 0.494652 0.032895 0.051693
7 0.532895 0.587344 0.039474 0.051693
7 0.550439 0.680927 0.043860 0.039216
6 0.571272 0.762923 0.037281 0.035651
