1 0.573465 0.063280 0.125000 0.030303
2 0.551535 0.147059 0.133772 0.033868
2 0.529605 0.237968 0.146930 0.040998
2 0.513158 0.337790 0.144737 0.048128
2 0.498904 0.445633 0.151316 0.039216
3 0.492325 0.556150 0.155702 0.039216
3 0.505482 0.663993 0.155702 0.055258
4 0.557018 0.767380 0.149123 0.094474
6 0.589912 0.244207 0.039474 0.035651
6 0.572368 0.341355 0.043860 0.040998
6 0.561404 0.444742 0.043860 0.040998
6 0.559211 0.552585 0.043860 0.046346
7 0.567982 0.650624 0.057018 0.039216
8 0.595395 0.734403 0.050439 0.042781
