0 0.525219 0.025847 0.111842 0.023173
0 0.528509 0.097148 0.109649 0.023173
0 0.519737 0.173797 0.122807 0.026738
0 0.503289 0.257576 0.111842 0.030303
2 0.492325 0.344920 0.129386 0.030303
2 0.476974 0.439394 0.142544 0.033868
2 0.479167 0.532086 0.146930 0.037433
2 0.496711 0.622995 0.160088 0.051693
0 0.524123 0.717469 0.122807 0.087344
6 0.548246 0.352050 0.026316 0.037433
6 0.531798 0.435829 0.037281 0.037433
6 0.533991 0.523173 0.037281 0.040998
7 0.554825 0.610517 0.052632 0.040998
5 0.554825 0.613191 0.043860 0.042781
