3 0.542763 0.045455 0.107456 0.023173
3 0.541667 0.120321 0.122807 0.023173
3 0.544956 0.203209 0.120614 0.024955
3 0.542763 0.287879 0.125000 0.026738
2 0.538377 0.377005 0.155702 0.030303
3 0.530702 0.470588 0.162281 0.035651
2 0.520833 0.562389 0.182018 0.048128
4 0.514254 0.650624 0.186404 0.039216
2 0.520833 0.744207 0.151316 0.065954
6 0.605263 0.376114 0.039474 0.042781
6 0.595395 0.474153 0.032895 0.042781
8 0.588816 0.566845 0.050439 0.053476
8 0.584430 0.651515 0.050439 0.048128
8 0.578947 0.727273 0.043860 0.039216
5 0.576754 0.725490 0.043860 0.042781
