1 0.623904 0.066845 0.120614 0.023173
1 0.616228 0.136364 0.122807 0.019608
1 0.612939 0.211230 0.125000 0.030303
1 0.595395 0.291444 0.133772 0.037433
1 0.567982 0.377897 0.153509 0.042781
2 0.537281 0.465241 0.166667 0.049911
2 0.524123 0.562389 0.162281 0.044563
3 0.521930 0.659537 0.157895 0.049911
3 0.550439 0.757576 0.157895 0.081996
6 0.626096 0.391266 0.024123 0.044563
6 0.610746 0.475936 0.028509 0.039216
7 0.578947 0.565954 0.048246 0.051693
7 0.581140 0.653298 0.043860 0.048128
7 0.604167 0.730838 0.050439 0.039216
