0 0.594298 0.058824 0.140351 0.032086
1 0.572368 0.146168 0.162281 0.049911
1 0.552632 0.240642 0.153509 0.060606
0 0.507675 0.335116 0.151316 0.064171
2 0.464912 0.445633 0.171053 0.067736
2 0.434211 0.558824 0.175439 0.051693
2 0.432018 0.680036 0.157895 0.048128
2 0.452851 0.794118 0.155702 0.069519
7 0.533991 0.456328 0.046053 0.049911
6 0.502193 0.565062 0.039474 0.053476
6 0.492325 0.672906 0.046053 0.055258
8 0.509868 0.777184 0.054825 0.053476
9 0.607456 0.158645 0.039474 0.028520
9 0.576754 0.259358 0.043860 0.030303
