3 0.604167 0.025847 0.103070 0.023173
3 0.604167 0.099822 0.107456 0.024955
2 0.598684 0.180036 0.118421 0.028520
1 0.598684 0.264706 0.127193 0.037433
3 0.605263 0.344920 0.149123 0.048128
1 0.581140 0.438503 0.135965 0.042781
1 0.561404 0.540107 0.140351 0.053476
3 0.543860 0.647059 0.188596 0.064171
2 0.530702 0.737968 0.171053 0.053476
4 0.537281 0.830660 0.166667 0.060606
7 0.656798 0.344029 0.050439 0.046346
8 0.604167 0.650624 0.076754 0.067736
7 0.581140 0.734403 0.061404 0.064171
8 0.587719 0.821747 0.065789 0.046346
5 0.608553 0.650624 0.059211 0.053476
5 0.593202 0.821747 0.054825 0.042781
5 0.660088 0.343137 0.043860 0.048128
