3 0.529605 0.022282 0.107456 0.030303
2 0.530702 0.093583 0.114035 0.030303
2 0.525219 0.170232 0.116228 0.026738
2 0.515351 0.257576 0.114035 0.033868
2 0.506579 0.351159 0.135965 0.035651
2 0.498904 0.448307 0.142544 0.040998
2 0.498904 0.546346 0.160088 0.037433
2 0.496711 0.639929 0.168860 0.042781
2 0.503289 0.730838 0.142544 0.060606
6 0.559211 0.448307 0.039474 0.040998
6 0.561404 0.542781 0.035088 0.033868
7 0.559211 0.633690 0.043860 0.044563
6 0.561404 0.707665 0.035088 0.032086
9 0.516447 0.465241 0.041667 0.032086
9 0.476974 0.565954 0.072368 0.037433
