1 0.574561 0.042781 0.135965 0.021390
1 0.572368 0.136364 0.131579 0.023173
1 0.582237 0.241533 0.146930 0.026738
1 0.567982 0.344920 0.175439 0.051693
3 0.520833 0.451872 0.177632 0.069519
2 0.473684 0.565954 0.162281 0.051693
3 0.455044 0.683601 0.173246 0.051693
3 0.472588 0.801248 0.160088 0.083779
8 0.635965 0.350267 0.052632 0.065954
8 0.585526 0.468806 0.057018 0.057041
7 0.539474 0.573084 0.043860 0.051693
7 0.523026 0.680036 0.046053 0.055258
7 0.530702 0.776292 0.061404 0.044563
5 0.516447 0.683601 0.046053 0.055258
9 0.552632 0.441176 0.048246 0.037433
