3 0.581140 0.036542 0.109649 0.026738
3 0.571272 0.109626 0.120614 0.026738
2 0.557018 0.183601 0.127193 0.035651
2 0.525219 0.267380 0.133772 0.039216
2 0.507675 0.358289 0.146930 0.046346
3 0.490132 0.455437 0.177632 0.048128
3 0.479167 0.549020 0.173246 0.049911
3 0.483553 0.643494 0.173246 0.060606
2 0.520833 0.757576 0.146930 0.096257
6 0.591009 0.278075 0.032895 0.039216
7 0.561404 0.461676 0.039474 0.046346
7 0.546053 0.552585 0.043860 0.046346
7 0.541667 0.639929 0.057018 0.053476
9 0.510965 0.375223 0.039474 0.033868
9 0.515351 0.440285 0.052632 0.032086
