1 0.524123 0.063280 0.118421 0.030303
1 0.518640 0.147059 0.116228 0.030303
1 0.517544 0.244207 0.127193 0.035651
1 0.517544 0.344029 0.131579 0.042781
2 0.507675 0.449198 0.155702 0.042781
3 0.496711 0.556150 0.160088 0.046346
3 0.487939 0.663102 0.182018 0.049911
3 0.498904 0.767380 0.164474 0.065954
6 0.570175 0.449198 0.043860 0.042781
7 0.561404 0.556150 0.039474 0.053476
7 0.550439 0.659537 0.048246 0.057041
8 0.552632 0.754011 0.052632 0.049911
5 0.559211 0.556150 0.035088 0.049911
5 0.553728 0.659537 0.041667 0.049911
