1 0.601974 0.025847 0.120614 0.019608
3 0.597588 0.093583 0.129386 0.023173
2 0.593202 0.166667 0.133772 0.030303
0 0.573465 0.244207 0.120614 0.032086
0 0.547149 0.330660 0.138158 0.040998
1 0.524123 0.421569 0.140351 0.044563
3 0.498904 0.522282 0.155702 0.039216
2 0.492325 0.622995 0.155702 0.044563
2 0.496711 0.723708 0.173246 0.039216
2 0.501096 0.827986 0.164474 0.083779
6 0.650219 0.170232 0.032895 0.044563
6 0.608553 0.334225 0.037281 0.040998
6 0.561404 0.522282 0.039474 0.049911
6 0.550439 0.620321 0.043860 0.053476
7 0.561404 0.716578 0.057018 0.053476
8 0.561404 0.803922 0.065789 0.046346
5 0.563596 0.804813 0.061404 0.044563
