2 0.600877 0.025847 0.127193 0.023173
2 0.599781 0.092692 0.138158 0.028520
2 0.593202 0.163102 0.133772 0.026738
0 0.567982 0.240642 0.127193 0.035651
1 0.543860 0.330660 0.140351 0.040998
1 0.516447 0.421569 0.146930 0.044563
2 0.498904 0.522282 0.160088 0.042781
1 0.490132 0.622995 0.155702 0.044563
2 0.494518 0.723708 0.173246 0.039216
3 0.498904 0.831551 0.151316 0.080214
6 0.641447 0.166667 0.032895 0.040998
6 0.561404 0.525847 0.039474 0.049911
6 0.554825 0.626560 0.043860 0.055258
8 0.559211 0.720143 0.048246 0.053476
7 0.561404 0.803922 0.048246 0.046346
