3 0.548246 0.046346 0.096491 0.021390
3 0.548246 0.120321 0.118421 0.030303
3 0.547149 0.200535 0.120614 0.023173
3 0.544956 0.287879 0.133772 0.026738
2 0.548246 0.375223 0.153509 0.033868
3 0.529605 0.468806 0.164474 0.035651
2 0.520833 0.562389 0.182018 0.037433
4 0.514254 0.653298 0.186404 0.040998
2 0.520833 0.743316 0.151316 0.060606
6 0.603070 0.284314 0.035088 0.037433
6 0.606360 0.377897 0.032895 0.039216
7 0.598684 0.470588 0.043860 0.042781
8 0.589912 0.565062 0.048246 0.049911
8 0.583333 0.649733 0.052632 0.044563
8 0.577851 0.729947 0.050439 0.048128
