1 0.591009 0.059715 0.125000 0.026738
1 0.588816 0.132799 0.129386 0.023173
1 0.567982 0.216578 0.140351 0.033868
1 0.561404 0.311052 0.149123 0.037433
1 0.531798 0.408200 0.164474 0.046346
2 0.498904 0.518717 0.182018 0.053476
2 0.485746 0.629234 0.186404 0.057041
3 0.490132 0.746881 0.182018 0.053476
1 0.518640 0.864528 0.151316 0.114082
6 0.583333 0.532086 0.043860 0.062389
7 0.561404 0.636364 0.048246 0.060606
7 0.554825 0.734403 0.057018 0.057041
5 0.552632 0.734403 0.057018 0.053476
9 0.557018 0.295009 0.035088 0.030303
9 0.567982 0.325312 0.035088 0.026738
9 0.552632 0.434938 0.048246 0.035651
