3 0.563596 0.082888 0.162281 0.033868
1 0.531798 0.173797 0.146930 0.044563
1 0.501096 0.281640 0.164474 0.049911
0 0.485746 0.392157 0.168860 0.042781
2 0.474781 0.508913 0.186404 0.044563
4 0.498904 0.616756 0.186404 0.049911
3 0.498904 0.729947 0.177632 0.083779
6 0.570175 0.294118 0.026316 0.049911
6 0.559211 0.398396 0.039474 0.051693
6 0.550439 0.506239 0.043860 0.046346
8 0.561404 0.609626 0.052632 0.049911
7 0.561404 0.704100 0.048246 0.049911
5 0.570175 0.704100 0.061404 0.046346
9 0.507675 0.303922 0.032895 0.026738
6 0.632675 0.090018 0.032895 0.033868
