2 0.543860 0.052585 0.109649 0.026738
2 0.541667 0.120321 0.100877 0.026738
1 0.537281 0.196970 0.100877 0.030303
1 0.518640 0.277184 0.111842 0.037433
3 0.519737 0.364528 0.140351 0.040998
3 0.503289 0.459002 0.142544 0.044563
3 0.503289 0.552585 0.142544 0.039216
2 0.519737 0.650624 0.149123 0.060606
2 0.552632 0.733512 0.109649 0.080214
7 0.570175 0.368093 0.043860 0.048128
7 0.559211 0.459002 0.043860 0.048128
7 0.559211 0.549911 0.052632 0.048128
7 0.572368 0.636364 0.061404 0.046346
5 0.567982 0.368093 0.048246 0.051693
5 0.559211 0.455437 0.048246 0.055258
