1 0.541667 0.032977 0.140351 0.030303
1 0.532895 0.113191 0.149123 0.030303
1 0.520833 0.196970 0.138158 0.037433
1 0.505482 0.294118 0.146930 0.042781
3 0.492325 0.391266 0.177632 0.040998
3 0.471491 0.489305 0.166667 0.044563
3 0.472588 0.590018 0.164474 0.046346
3 0.485746 0.687166 0.177632 0.051693
3 0.505482 0.786988 0.160088 0.080214
6 0.561404 0.401070 0.035088 0.046346
7 0.539474 0.491979 0.043860 0.049911
7 0.529605 0.586453 0.041667 0.042781
7 0.550439 0.676471 0.043860 0.040998
7 0.567982 0.763815 0.048246 0.040998
5 0.567982 0.763815 0.048246 0.033868
5 0.549342 0.678253 0.046053 0.040998
