2 0.566886 0.012478 0.125000 0.021390
1 0.552632 0.079323 0.122807 0.026738
1 0.538377 0.159537 0.125000 0.030303
1 0.528509 0.244207 0.114035 0.035651
1 0.513158 0.341355 0.127193 0.040998
2 0.498904 0.438503 0.146930 0.046346
2 0.496711 0.539216 0.146930 0.048128
3 0.496711 0.643494 0.151316 0.057041
3 0.520833 0.734403 0.160088 0.103387
7 0.557018 0.439394 0.043860 0.055258
7 0.548246 0.540107 0.052632 0.053476
7 0.548246 0.636364 0.052632 0.049911
8 0.570175 0.713904 0.065789 0.073084
5 0.549342 0.638146 0.050439 0.053476
