1 0.514254 0.022282 0.129386 0.030303
1 0.505482 0.102496 0.129386 0.026738
1 0.501096 0.189840 0.129386 0.026738
1 0.496711 0.290553 0.142544 0.032086
1 0.481360 0.391266 0.151316 0.040998
1 0.481360 0.499109 0.168860 0.042781
3 0.481360 0.606061 0.164474 0.046346
3 0.481360 0.720143 0.168860 0.053476
4 0.526316 0.817291 0.171053 0.083779
7 0.538377 0.606061 0.041667 0.053476
6 0.546053 0.707665 0.043860 0.049911
6 0.538377 0.606952 0.041667 0.051693
6 0.548246 0.713904 0.043860 0.055258
8 0.571272 0.804813 0.081140 0.062389
