1 0.593202 0.066845 0.120614 0.033868
1 0.589912 0.156863 0.131579 0.032086
1 0.584430 0.247772 0.125000 0.042781
1 0.552632 0.338681 0.144737 0.049911
2 0.514254 0.434938 0.168860 0.053476
2 0.485746 0.532977 0.186404 0.046346
2 0.469298 0.630125 0.171053 0.048128
2 0.501096 0.737077 0.146930 0.101604
6 0.581140 0.442068 0.052632 0.060606
7 0.552632 0.540107 0.052632 0.057041
7 0.541667 0.623886 0.061404 0.049911
7 0.559211 0.711230 0.065789 0.060606
5 0.541667 0.626560 0.052632 0.048128
5 0.554825 0.707665 0.061404 0.053476
