1 0.586623 0.040107 0.129386 0.023173
1 0.593202 0.136364 0.129386 0.026738
1 0.583333 0.240642 0.135965 0.032086
1 0.572368 0.344920 0.157895 0.051693
3 0.524123 0.449198 0.166667 0.064171
2 0.474781 0.563280 0.164474 0.049911
3 0.457237 0.683601 0.155702 0.051693
2 0.470395 0.794118 0.155702 0.073084
8 0.632675 0.354724 0.050439 0.057041
8 0.583333 0.466132 0.043860 0.051693
6 0.541667 0.572193 0.039474 0.049911
8 0.514254 0.680927 0.059211 0.049911
7 0.525219 0.774510 0.050439 0.044563
9 0.571272 0.360071 0.041667 0.028520
