3 0.564693 0.012478 0.107456 0.021390
3 0.549342 0.081105 0.133772 0.026738
1 0.527412 0.156863 0.116228 0.028520
2 0.520833 0.239750 0.133772 0.030303
1 0.504386 0.331551 0.122807 0.035651
2 0.480263 0.428699 0.131579 0.033868
3 0.485746 0.525847 0.142544 0.032086
4 0.492325 0.613191 0.160088 0.049911
3 0.515351 0.721034 0.135965 0.080214
6 0.548246 0.434938 0.043860 0.049911
6 0.541667 0.525847 0.043860 0.049911
8 0.550439 0.602496 0.048246 0.046346
6 0.563596 0.690731 0.039474 0.040998
9 0.512061 0.251337 0.032895 0.024955
