1 0.552632 0.016043 0.100877 0.021390
1 0.550439 0.090018 0.105263 0.023173
1 0.537281 0.166667 0.109649 0.023173
1 0.523026 0.254011 0.111842 0.026738
1 0.507675 0.344920 0.125000 0.030303
1 0.498904 0.445633 0.133772 0.035651
2 0.496711 0.546346 0.160088 0.037433
2 0.507675 0.640820 0.164474 0.051693
3 0.535088 0.740642 0.122807 0.080214
6 0.561404 0.544563 0.039474 0.044563
8 0.565789 0.637255 0.052632 0.048128
7 0.578947 0.715686 0.043860 0.040998
5 0.565789 0.635472 0.052632 0.044563
5 0.578947 0.716578 0.043860 0.046346
