1 0.518640 0.063280 0.116228 0.026738
1 0.521930 0.150624 0.114035 0.026738
1 0.517544 0.243316 0.118421 0.033868
1 0.517544 0.344029 0.127193 0.039216
2 0.512061 0.450980 0.164474 0.046346
3 0.496711 0.556150 0.173246 0.042781
3 0.493421 0.661319 0.162281 0.046346
3 0.505482 0.766488 0.151316 0.060606
7 0.573465 0.451872 0.041667 0.055258
7 0.558114 0.556150 0.046053 0.057041
7 0.550439 0.660428 0.057018 0.055258
8 0.553728 0.754902 0.054825 0.051693
5 0.560307 0.557041 0.041667 0.048128
5 0.550439 0.657754 0.048246 0.049911
