3 0.623904 0.065954 0.111842 0.032086
3 0.605263 0.132799 0.118421 0.030303
3 0.599781 0.206774 0.125000 0.032086
3 0.586623 0.284314 0.138158 0.037433
3 0.565789 0.365419 0.144737 0.046346
3 0.544956 0.461676 0.146930 0.049911
3 0.530702 0.559715 0.153509 0.046346
3 0.521930 0.656863 0.157895 0.051693
4 0.535088 0.750446 0.179825 0.053476
3 0.554825 0.844920 0.135965 0.078431
6 0.627193 0.373440 0.035088 0.040998
6 0.603070 0.467914 0.039474 0.044563
8 0.584430 0.561497 0.054825 0.046346
6 0.581140 0.656863 0.043860 0.048128
8 0.595395 0.745098 0.067982 0.053476
9 0.537281 0.639929 0.039474 0.024955
9 0.544956 0.733512 0.046053 0.037433
