2 0.529605 0.039216 0.107456 0.024955
1 0.527412 0.113191 0.111842 0.019608
1 0.525219 0.193405 0.116228 0.026738
1 0.530702 0.280749 0.118421 0.023173
2 0.523026 0.374332 0.146930 0.035651
1 0.501096 0.468806 0.146930 0.039216
2 0.483553 0.576649 0.160088 0.044563
1 0.470395 0.673797 0.146930 0.042781
0 0.486842 0.780749 0.122807 0.067736
8 0.578947 0.368984 0.048246 0.046346
6 0.561404 0.475045 0.039474 0.048128
7 0.546053 0.573084 0.039474 0.040998
6 0.530702 0.670232 0.035088 0.042781
6 0.536184 0.761141 0.041667 0.046346
