3 0.630482 0.063280 0.107456 0.026738
3 0.610746 0.130125 0.116228 0.032086
3 0.597588 0.204100 0.125000 0.030303
3 0.588816 0.284314 0.125000 0.033868
3 0.571272 0.368093 0.129386 0.044563
3 0.546053 0.462567 0.140351 0.040998
3 0.529605 0.559715 0.160088 0.039216
3 0.524123 0.656863 0.149123 0.040998
4 0.535088 0.748663 0.171053 0.067736
3 0.554825 0.843137 0.140351 0.074866
6 0.621711 0.375223 0.037281 0.040998
6 0.603070 0.467023 0.035088 0.042781
7 0.589912 0.558824 0.043860 0.051693
7 0.582237 0.653298 0.050439 0.051693
8 0.594298 0.745989 0.065789 0.062389
