1 0.597588 0.058824 0.111842 0.024955
1 0.587719 0.132799 0.114035 0.026738
1 0.582237 0.216578 0.125000 0.033868
1 0.559211 0.311052 0.149123 0.037433
1 0.536184 0.414439 0.160088 0.055258
3 0.509868 0.518717 0.186404 0.053476
2 0.481360 0.630125 0.199561 0.048128
3 0.490132 0.740642 0.186404 0.058824
1 0.523026 0.860963 0.146930 0.103387
7 0.584430 0.525847 0.041667 0.057041
7 0.561404 0.632799 0.052632 0.053476
7 0.559211 0.734403 0.065789 0.057041
6 0.589912 0.824421 0.057018 0.051693
9 0.543860 0.439394 0.035088 0.033868
