2 0.587719 0.036542 0.135965 0.023173
2 0.576754 0.122995 0.140351 0.032086
1 0.561404 0.216578 0.149123 0.037433
1 0.550439 0.320856 0.149123 0.049911
2 0.523026 0.425134 0.164474 0.044563
3 0.498904 0.536542 0.160088 0.049911
2 0.501096 0.650624 0.164474 0.057041
2 0.537281 0.763815 0.157895 0.090909
6 0.619518 0.324421 0.032895 0.039216
8 0.578947 0.428699 0.043860 0.055258
8 0.561404 0.536542 0.039474 0.049911
8 0.561404 0.639929 0.052632 0.049911
8 0.574561 0.737077 0.057018 0.051693
9 0.561404 0.337790 0.057018 0.040998
