1 0.544956 0.016043 0.111842 0.024955
2 0.554825 0.096257 0.118421 0.028520
2 0.540570 0.173797 0.111842 0.026738
1 0.535088 0.261141 0.122807 0.033868
2 0.509868 0.354724 0.133772 0.042781
2 0.496711 0.451872 0.151316 0.037433
2 0.492325 0.552585 0.164474 0.049911
3 0.498904 0.654189 0.155702 0.053476
3 0.527412 0.767380 0.146930 0.101604
7 0.552632 0.549020 0.043860 0.060606
7 0.559211 0.643494 0.052632 0.053476
7 0.581140 0.737968 0.052632 0.060606
5 0.559211 0.643494 0.043860 0.046346
5 0.583333 0.737968 0.048246 0.064171
