1 0.552632 0.056150 0.114035 0.026738
1 0.542763 0.129234 0.120614 0.026738
1 0.539474 0.216578 0.122807 0.033868
1 0.523026 0.307487 0.146930 0.037433
2 0.501096 0.404635 0.173246 0.042781
3 0.483553 0.502674 0.182018 0.046346
3 0.483553 0.602496 0.164474 0.049911
3 0.498904 0.703209 0.138158 0.094474
6 0.597588 0.217469 0.037281 0.042781
6 0.588816 0.307487 0.037281 0.040998
7 0.576754 0.408200 0.043860 0.049911
7 0.561404 0.501783 0.043860 0.055258
6 0.552632 0.590018 0.035088 0.042781
6 0.561404 0.673797 0.039474 0.042781
