1 0.571272 0.070410 0.125000 0.026738
1 0.561404 0.153298 0.127193 0.032086
2 0.557018 0.243316 0.153509 0.040998
3 0.541667 0.337790 0.166667 0.044563
3 0.505482 0.431373 0.186404 0.053476
2 0.483553 0.536542 0.173246 0.064171
3 0.472588 0.647059 0.173246 0.057041
1 0.485746 0.767380 0.155702 0.105169
7 0.619518 0.240642 0.041667 0.046346
6 0.608553 0.341355 0.032895 0.051693
6 0.583333 0.442068 0.048246 0.049911
7 0.554825 0.542781 0.052632 0.062389
7 0.539474 0.639929 0.057018 0.049911
6 0.546053 0.733512 0.039474 0.048128
5 0.552632 0.545455 0.048246 0.067736
5 0.543860 0.639929 0.061404 0.053476
