0 0.591009 0.056150 0.138158 0.033868
1 0.581140 0.147059 0.149123 0.037433
1 0.552632 0.237077 0.144737 0.071301
0 0.507675 0.331551 0.151316 0.057041
1 0.466009 0.445633 0.160088 0.053476
2 0.438596 0.563280 0.162281 0.042781
2 0.432018 0.678253 0.171053 0.044563
2 0.459430 0.797683 0.155702 0.090909
7 0.530702 0.455437 0.043860 0.058824
7 0.502193 0.562389 0.048246 0.051693
7 0.493421 0.678253 0.065789 0.051693
7 0.512061 0.771836 0.063596 0.049911
5 0.498904 0.679144 0.046053 0.042781
9 0.569079 0.256684 0.050439 0.035651
