2 0.584430 0.040107 0.125000 0.023173
3 0.561404 0.109626 0.122807 0.033868
3 0.550439 0.187166 0.135965 0.039216
2 0.530702 0.267380 0.127193 0.042781
2 0.503289 0.358289 0.142544 0.049911
3 0.487939 0.455437 0.173246 0.051693
3 0.474781 0.552585 0.177632 0.042781
3 0.487939 0.647059 0.173246 0.053476
2 0.524123 0.757576 0.144737 0.096257
9 0.552632 0.120321 0.039474 0.026738
9 0.507675 0.375223 0.050439 0.030303
9 0.503289 0.439394 0.037281 0.026738
9 0.494518 0.471480 0.046053 0.026738
7 0.601974 0.189840 0.046053 0.037433
6 0.557018 0.461676 0.039474 0.046346
7 0.543860 0.552585 0.039474 0.049911
7 0.548246 0.640820 0.061404 0.058824
