2 0.559211 0.075758 0.153509 0.026738
2 0.561404 0.156863 0.131579 0.032086
2 0.548246 0.250446 0.131579 0.030303
2 0.535088 0.347594 0.140351 0.039216
3 0.512061 0.448307 0.164474 0.040998
3 0.490132 0.549020 0.182018 0.046346
3 0.501096 0.650624 0.164474 0.060606
3 0.533991 0.751337 0.151316 0.101604
7 0.577851 0.450980 0.046053 0.049911
7 0.565789 0.553476 0.048246 0.055258
7 0.566886 0.639037 0.059211 0.055258
7 0.591009 0.723708 0.059211 0.057041
5 0.582237 0.453654 0.046053 0.048128
5 0.567982 0.639929 0.052632 0.053476
5 0.593202 0.726381 0.059211 0.058824
