2 0.598684 0.025847 0.118421 0.019608
2 0.599781 0.096257 0.125000 0.024955
2 0.593202 0.163993 0.129386 0.028520
0 0.572368 0.243316 0.131579 0.037433
1 0.548246 0.327986 0.149123 0.035651
1 0.516447 0.421569 0.146930 0.040998
3 0.503289 0.522282 0.151316 0.046346
1 0.487939 0.620321 0.155702 0.042781
3 0.496711 0.723708 0.168860 0.046346
3 0.503289 0.824421 0.164474 0.073084
6 0.649123 0.166667 0.026316 0.044563
6 0.608553 0.341355 0.032895 0.048128
6 0.563596 0.523173 0.039474 0.051693
6 0.554825 0.622995 0.043860 0.048128
7 0.561404 0.720143 0.057018 0.053476
8 0.561404 0.804813 0.061404 0.051693
5 0.561404 0.720143 0.057018 0.060606
5 0.567982 0.801248 0.061404 0.051693
