3 0.537281 0.049020 0.131579 0.023173
3 0.539474 0.126560 0.127193 0.028520
3 0.538377 0.204100 0.129386 0.023173
3 0.548246 0.287879 0.131579 0.026738
2 0.539474 0.375223 0.162281 0.026738
3 0.528509 0.468806 0.171053 0.032086
2 0.518640 0.563280 0.182018 0.042781
4 0.512061 0.647059 0.186404 0.039216
2 0.519737 0.744207 0.153509 0.073084
6 0.592105 0.052585 0.030702 0.033868
6 0.597588 0.202317 0.032895 0.033868
6 0.601974 0.286988 0.028509 0.032086
7 0.603070 0.378788 0.039474 0.037433
7 0.598684 0.472371 0.039474 0.042781
8 0.591009 0.565062 0.046053 0.049911
7 0.585526 0.647950 0.039474 0.040998
8 0.581140 0.727273 0.043860 0.039216
