1 0.586623 0.063280 0.125000 0.026738
1 0.567982 0.150624 0.127193 0.033868
1 0.542763 0.237077 0.146930 0.046346
1 0.524123 0.337790 0.144737 0.040998
1 0.501096 0.442068 0.155702 0.032086
1 0.490132 0.546346 0.160088 0.037433
1 0.487939 0.659537 0.155702 0.053476
1 0.513158 0.763815 0.135965 0.073084
9 0.587719 0.047237 0.057018 0.033868
9 0.573465 0.136364 0.059211 0.037433
9 0.571272 0.163102 0.046053 0.026738
9 0.557018 0.251337 0.061404 0.024955
9 0.542763 0.326203 0.054825 0.028520
9 0.532895 0.352941 0.057018 0.032086
9 0.519737 0.425134 0.043860 0.026738
9 0.513158 0.453654 0.048246 0.030303
9 0.494518 0.566845 0.046053 0.032086
