2 0.592105 0.016043 0.109649 0.024955
3 0.574561 0.090018 0.122807 0.030303
3 0.564693 0.170232 0.129386 0.037433
3 0.539474 0.254011 0.127193 0.037433
3 0.501096 0.344029 0.151316 0.053476
3 0.476974 0.445633 0.151316 0.035651
3 0.451754 0.552585 0.166667 0.046346
3 0.492325 0.656863 0.146930 0.062389
3 0.541667 0.761141 0.135965 0.099822
8 0.561404 0.357398 0.043860 0.040998
6 0.538377 0.450089 0.032895 0.040998
6 0.529605 0.543672 0.037281 0.032086
6 0.544956 0.643494 0.050439 0.046346
7 0.592105 0.733512 0.043860 0.048128
