3 0.595395 0.079323 0.125000 0.019608
3 0.588816 0.163102 0.133772 0.030303
1 0.574561 0.254011 0.131579 0.040998
1 0.559211 0.358289 0.149123 0.035651
1 0.550439 0.466132 0.149123 0.037433
2 0.535088 0.576649 0.157895 0.040998
3 0.535088 0.686275 0.171053 0.042781
2 0.541667 0.794118 0.153509 0.080214
6 0.612939 0.468806 0.032895 0.042781
6 0.646930 0.163102 0.026316 0.033868
6 0.601974 0.576649 0.032895 0.037433
7 0.594298 0.680036 0.035088 0.044563
6 0.604167 0.777184 0.037281 0.046346
5 0.598684 0.773619 0.039474 0.042781
